100 366  24 27
726 271  11 15
343 814  17 18
184 299  27 11
278 205  18 15
286 803  15 24
947 956  5 10
869 850  17 19
313 89  15 12
775 764  22 28
953 224  15 19
306 705  26 20
288 876  18 16
86 820  17 16
379 253  17 29
135 841  27 24
536 873  23 27
883 876  15 23
136 677  12 23
9 945  23 27
417 131  18 23
65 224  11 14
551 33  29 14
54 924  28 16
962 53  20 25
947 339  14 18
745 115  23 15
81 311  10 22
224 827  24 23
657 805  19 17
296 504  22 17
837 645  22 27
534 370  19 16
302 357  20 24
131 941  18 10
491 968  17 23
635 72  28 24
322 35  11 8
313 901  15 19
274 217  20 10
635 475  28 21
586 265  12 24
60 143  21 23
360 30  12 12
418 890  14 28
961 558  28 25
563 973  24 16
787 656  19 25
262 28  24 10
384 4  14 26
274 772  12 17
263 697  18 23
409 166  15 12
433 538  25 16
337 300  24 28
111 297  18 6
830 51  11 10
201 205  16 18
117 317  16 16
543 65  29 27
752 487  25 23
878 852  17 25
119 639  23 16
401 160  20 12
11 457  14 15
937 493  20 18
49 208  25 17
249 86  11 13
887 133  28 23
789 151  27 21
50 780  18 23
968 838  23 10
153 821  21 29
658 402  26 10
389 589  28 13
871 438  11 25
880 650  12 19
242 958  22 16
174 563  17 19
546 971  29 16
78 156  26 29
124 552  22 20
628 222  24 29
20 266  15 29
105 317  28 23
260 639  10 11
606 383  10 26
932 194  22 26
82 37  20 11
609 70  15 18
574 651  26 11
628 199  19 27
304 24  21 14
375 16  15 14
218 137  23 28
373 599  28 18
522 77  29 12
365 126  29 28
887 463  13 22
872 51  7 4
492 593  15 10
394 818  10 14
602 721  10 29
713 122  14 20
779 740  15 25
965 841  16 12
667 331  26 12
769 356  22 13
312 48  26 15
931 972  19 19
32 962  16 11
592 281  10 14
896 745  17 23
352 590  28 11
60 551  25 14
173 348  21 14
117 920  10 19
849 90  21 17
285 434  27 11
219 361  16 29
261 53  13 22
538 690  26 13
883 646  28 15
109 542  25 21
727 255  29 17
532 792  16 21
692 911  14 21
678 172  24 15
613 496  14 29
338 326  14 26
778 516  26 28
589 559  10 11
961 455  29 10
57 25  14 29
210 88  15 27
150 849  16 17
954 532  19 12
655 230  13 26
879 648  13 15
145 174  26 19
88 184  28 25
67 545  14 16
431 73  15 16
695 411  27 25
704 875  12 13
123 218  24 24
877 668  23 15
373 123  28 29
459 254  14 18
346 683  27 18
415 779  18 12
320 880  15 13
979 204  19 26
827 570  25 24
860 810  22 21
31 190  5 16
870 49  14 22
404 422  22 23
141 181  17 28
328 411  29 11
1 668  14 13
552 149  15 25
703 849  21 16
9 965  11 22
281 727  20 29
361 358  13 18
752 672  3 6
477 458  17 21
164 775  29 20
905 767  29 27
554 403  26 24
857 34  16 23
624 775  17 22
349 841  12 22
793 264  15 17
378 121  20 10
600 122  27 27
622 940  27 20
424 783  10 24
884 478  14 26
580 240  10 27
499 566  25 29
32 878  22 25
356 518  17 28
946 456  13 16
431 224  26 16
266 72  27 15
447 425  12 11
520 372  29 24
435 656  28 28
711 766  27 29
402 617  23 18
15 64  13 18
968 170  10 20
310 30  10 15
623 19  28 20
841 357  25 29
165 328  29 22
750 950  23 25
38 644  8 9
432 675  18 26
158 350  6 4
397 972  13 11
402 295  17 23
969 18  18 20
77 304  14 12
221 36  14 27
640 98  16 21
540 163  25 15
647 301  22 14
326 229  12 18
641 835  24 27
124 246  17 19
601 575  24 22
52 132  27 21
507 909  10 10
464 772  17 17
388 336  21 24
589 226  29 29
924 26  26 21
623 427  25 26
800 646  18 13
542 490  11 28
848 372  22 29
198 509  16 6
317 751  26 16
0 944  24 25
109 870  15 17
687 878  20 15
905 844  28 25
111 719  19 10
699 629  24 16
178 906  11 19
326 765  17 17
617 858  10 14
790 701  4 15
567 627  14 25
209 2  11 13
603 852  20 22
461 428  25 19
442 431  22 17
253 22  17 11
580 202  13 25
586 900  14 18
35 633  10 19
268 18  22 25
35 221  19 17
519 206  17 22
635 851  8 6
230 168  19 25
495 240  10 22
874 441  29 29
485 83  23 25
680 14  13 14
659 944  13 13
560 215  14 17
640 667  17 28
642 594  25 11
326 602  17 22
892 654  15 26
209 850  27 22
372 138  15 24
526 706  21 27
510 811  29 16
818 693  13 21
596 289  18 18
296 92  27 17
549 225  22 28
34 4  28 21
687 18  28 22
160 946  25 16
406 123  11 19
355 819  24 24
838 171  23 16
46 392  14 16
793 637  25 15
714 264  10 28
426 917  25 27
594 53  19 27
226 188  13 16
732 758  27 10
539 971  22 17
799 529  12 17
492 628  12 11
766 895  17 24
29 250  12 25
452 745  16 13
961 389  29 11
717 862  17 27
944 786  11 26
892 537  29 24
50 985  24 12
9 439  18 17
600 718  28 14
359 370  18 21
870 447  20 25
675 862  16 29
878 883  22 29
316 30  22 18
139 227  13 25
921 918  21 15
745 844  17 10
696 749  21 16
721 494  23 22
63 646  11 12
755 228  17 15
653 123  10 26
341 549  22 12
5 398  14 22
407 930  27 12
886 469  22 23
333 957  25 16
560 616  27 21
329 829  16 28
22 437  20 14
618 707  23 28
980 974  10 10
416 781  12 22
762 967  18 14
36 338  21 16
721 4  19 20
912 907  28 20
277 23  25 14
617 94  26 17
725 276  23 29
839 881  17 28
646 302  28 13
932 227  22 27
358 660  29 11
923 714  17 22
916 777  29 21
163 312  29 22
970 162  10 16
980 639  19 18
570 705  20 27
153 536  19 16
519 680  27 16
959 924  15 16
86 152  26 28
764 355  18 21
183 725  13 26
769 181  11 23
893 631  13 26
232 280  24 10
508 928  28 16
848 969  21 11
640 841  23 10
390 618  29 22
601 682  28 11
26 200  24 18
667 499  12 17
860 668  18 12
725 468  10 29
770 379  11 23
585 210  24 25
580 634  29 18
553 376  29 19
694 925  23 13
96 310  28 21
847 622  24 16
45 124  18 12
671 798  27 25
583 887  24 27
13 471  16 13
250 567  22 12
578 720  21 21
547 225  28 18
480 86  28 11
469 766  23 15
391 286  13 14
415 526  17 29
839 238  17 14
535 509  15 29
409 884  15 26
502 789  12 20
477 754  14 16
557 453  20 10
807 963  28 24
885 819  14 28
592 342  15 20
684 596  24 24
77 332  14 23
649 917  19 21
415 920  12 29
835 188  21 19
422 588  17 19
8 874  27 16
161 709  20 17
47 653  24 13
844 652  21 19
642 800  28 18
528 314  11 19
328 164  12 17
515 792  22 28
881 771  25 13
187 337  23 20
341 679  28 10
338 149  13 16
174 8  17 10
211 483  28 29
427 324  4 4
643 137  25 14
273 688  14 16
402 532  18 24
333 541  25 18
354 326  23 12
216 819  16 10
449 675  26 11
94 91  12 21
608 957  21 15
187 244  17 23
849 165  20 29
325 536  29 11
453 271  12 23
266 699  6 11
268 248  29 21
705 29  11 13
926 192  23 22
844 850  26 10
100 479  25 18
527 895  26 11
406 677  17 22
375 285  27 13
970 639  24 16
161 714  24 28
26 452  18 24
258 291  3 23
774 698  17 11
138 423  17 12
658 240  21 25
272 711  21 23
436 668  25 11
113 25  12 19
966 632  11 29
424 321  12 16
367 554  29 22
872 779  10 17
531 708  9 8
584 648  28 10
894 377  25 22
528 423  26 10
770 803  10 29
63 984  16 14
823 706  12 13
257 640  15 16
787 921  20 24
406 623  27 15
728 493  21 25
770 619  18 16
597 721  26 22
222 197  13 11
702 590  28 13
25 132  19 26
294 795  23 17
899 638  16 18
613 789  18 14
491 862  29 12
625 42  17 18
2 188  17 26
598 838  10 18
426 236  28 18
136 176  12 25
217 138  21 12
212 151  19 17
202 358  12 17
807 622  17 28
831 15  10 23
117 604  12 25
427 539  16 13
405 354  19 24
845 963  22 26
143 222  21 23
700 879  19 12
776 45  25 28
929 25  22 12
770 802  28 29
398 805  26 27
739 224  19 11
37 361  12 15
779 494  17 27
724 217  20 20
2 96  18 20
642 338  29 21
514 842  26 19
759 238  16 25
469 366  13 15
228 935  20 22
810 373  19 23
268 90  17 15
356 367  4 7
966 209  22 21
93 77  17 27
249 948  22 17
760 915  11 21
294 31  17 26
793 647  15 19
82 64  16 27
681 114  20 25
646 439  28 10
888 511  16 11
766 414  28 11
701 529  14 18
255 289  11 28
632 835  18 26
776 744  24 18
558 855  23 21
384 18  26 29
133 688  11 15
146 511  20 27
203 852  16 27
36 635  13 22
106 702  10 19
180 328  15 28
882 943  22 19
445 249  27 21
47 793  23 15
711 28  12 27
822 60  21 13
475 471  28 20
127 948  15 24
73 777  26 23
581 39  17 16
872 430  11 21
16 938  24 16
727 819  15 28
732 315  20 14
299 837  27 12
547 490  10 15
953 208  29 26
211 193  27 29
176 306  17 26
839 69  29 11
239 5  29 20
692 416  14 12
430 123  14 24
476 588  17 16
173 840  21 11
194 77  19 18
361 746  13 26
405 604  15 22
240 139  16 18
879 629  29 23
353 166  16 13
41 654  22 23
956 141  13 16
536 454  26 26
371 752  16 21
389 414  19 28
157 298  21 11
797 965  26 27
470 164  15 24
935 209  12 16
391 578  25 20
669 430  13 26
387 553  24 23
602 785  29 26
908 971  21 11
879 807  24 22
50 972  13 20
111 265  26 14
112 973  14 15
156 518  14 11
342 690  19 16
152 676  21 10
953 929  10 10
895 277  24 23
106 461  17 27
890 550  18 24
428 230  19 13
401 104  24 21
574 519  17 11
833 240  27 27
612 208  29 24
554 560  25 24
882 858  24 11
890 844  11 12
200 409  16 28
18 295  13 22
163 259  25 26
18 429  16 26
840 626  13 10
798 804  20 24
48 295  20 18
194 43  16 11
969 271  27 16
245 156  16 13
45 45  20 29
75 782  25 24
87 78  12 24
829 197  12 14
83 23  23 12
121 160  21 13
943 951  18 21
425 69  28 17
704 459  11 18
703 492  25 20
588 563  13 10
287 434  11 10
763 360  16 26
258 215  19 11
19 25  20 29
295 648  21 20
749 763  13 24
192 565  24 22
44 637  20 25
740 281  27 13
179 699  23 26
244 592  29 12
464 822  27 20
935 154  21 20
283 237  24 20
391 624  25 12
577 522  15 19
720 675  22 21
241 283  10 26
675 241  16 13
576 351  23 27
156 889  26 16
325 755  22 15
528 539  18 24
540 430  26 17
710 543  16 10
975 849  24 20
492 102  15 17
255 561  18 20
717 266  3 21
259 89  26 24
557 405  27 24
681 18  22 13
158 303  15 21
748 264  21 28
853 630  21 18
692 629  10 25
158 282  15 24
211 864  22 21
872 427  19 19
14 110  14 21
790 689  22 13
747 258  10 23
753 485  21 26
5 307  16 15
664 219  23 20
276 832  22 18
343 674  14 19
414 461  29 26
525 679  20 10
841 874  26 22
163 222  23 10
336 613  17 23
499 623  27 12
596 615  13 16
875 356  20 19
783 509  5 7
874 663  13 17
554 802  24 16
105 537  11 14
449 98  22 26
160 926  13 25
759 686  26 29
3 503  23 24
190 841  12 19
596 603  27 29
46 709  13 19
687 630  26 28
693 250  16 29
162 707  27 19
188 12  25 12
370 752  22 26
495 864  8 5
740 285  19 19
376 796  26 18
699 232  21 23
6 746  13 27
612 247  20 13
397 198  23 15
498 145  4 18
624 437  24 11
466 732  24 10
400 135  26 12
498 249  10 16
271 717  13 21
140 255  12 27
114 689  27 28
645 301  26 23
29 977  23 13
471 792  17 20
683 554  15 17
275 780  18 18
624 309  19 10
217 841  10 29
619 354  29 11
168 318  12 13
688 945  13 15
757 559  12 16
898 876  20 29
231 410  14 13
822 925  16 16
496 140  10 28
156 538  3 11
639 308  18 29
577 21  16 15
360 581  21 21
352 371  10 14
906 159  24 10
948 152  16 15
568 349  12 14
528 498  29 23
391 101  16 12
158 853  29 13
912 562  24 29
774 349  19 21
750 120  28 11
192 566  10 10
101 148  10 29
524 531  22 27
857 97  28 29
826 159  22 11
959 22  17 14
521 670  28 23
103 368  16 20
525 312  23 28
942 393  25 15
274 395  24 14
830 598  22 12
162 391  22 25
319 320  21 20
708 845  10 24
53 147  29 27
712 315  16 12
396 641  29 11
244 498  26 28
950 309  26 11
365 33  3 3
76 97  12 23
943 957  21 21
335 110  11 19
345 163  10 11
340 682  12 17
521 630  19 11
592 302  14 24
101 866  11 21
932 577  17 17
830 533  23 29
756 169  23 12
158 940  12 19
410 550  24 26
782 685  14 13
488 466  22 10
173 16  17 25
658 94  28 28
160 951  7 3
769 835  17 14
598 331  22 15
196 48  18 22
404 679  19 12
880 133  17 24
749 717  11 28
667 790  13 26
740 164  27 28
691 622  22 23
688 716  28 18
597 399  18 13
483 111  18 24
135 148  10 29
559 438  29 23
291 78  16 28
107 544  24 29
391 685  29 21
901 760  21 10
489 80  17 25
871 799  15 18
916 580  17 28
281 513  25 29
340 761  23 21
58 714  13 23
658 246  16 28
363 2  19 23
652 802  12 11
501 937  19 18
387 694  27 21
705 868  24 24
304 85  26 18
765 369  10 10
608 797  10 27
150 281  20 22
32 972  23 21
550 361  20 23
639 93  10 21
584 21  27 27
625 193  22 25
725 962  24 28
122 563  18 20
505 568  15 22
725 676  16 26
281 186  13 10
734 381  24 27
973 454  12 22
161 837  26 11
881 893  22 14
592 887  27 14
436 595  25 19
177 560  21 21
761 555  26 19
470 105  22 11
90 39  7 5
728 868  16 18
558 342  18 26
472 278  21 15
924 337  27 11
599 429  10 21
731 816  12 17
860 193  19 13
3 27  26 24
288 844  11 16
503 631  25 15
713 764  18 25
581 612  23 11
888 228  16 22
983 269  16 21
585 673  21 27
320 893  29 19
583 898  15 18
382 741  24 20
464 339  25 26
245 920  26 27
726 234  14 20
923 465  15 17
382 547  24 14
850 863  20 23
779 791  17 19
784 533  14 20
732 276  16 17
450 780  3 6
696 337  21 14
181 623  29 19
210 312  27 12
671 954  15 25
696 951  20 27
381 680  18 24
632 192  10 17
877 789  21 21
877 469  24 26
553 970  19 14
745 658  13 28
773 974  10 17
877 462  15 23
965 319  20 15
112 921  17 22
754 358  10 27
9 678  13 15
545 931  27 16
368 373  25 21
175 789  26 28
775 363  22 28
44 9  14 15
676 400  16 14
802 818  28 25
969 865  17 21
376 624  21 27
406 197  28 21
461 367  27 17
145 347  24 15
695 886  15 16
230 154  17 21
22 193  10 27
1 206  20 27
630 892  25 24
133 404  18 22
93 876  14 19
313 719  11 18
11 116  16 28
179 696  18 23
830 161  10 6
421 906  26 20
612 600  12 13
794 882  21 23
599 794  13 21
138 506  25 25
666 240  19 16
945 261  26 19
353 799  29 25
41 156  20 22
283 672  16 25
733 952  22 24
786 410  14 14
676 511  11 26
445 589  21 10
144 221  15 15
55 775  20 26
333 279  21 14
891 940  18 13
615 581  10 16
826 581  15 21
848 307  27 26
502 805  18 23
620 24  12 26
395 573  28 20
184 250  10 18
282 208  4 8
918 471  24 18
5 101  26 15
73 435  13 19
523 288  13 24
695 551  17 23
486 968  24 27
293 228  21 20
946 845  22 12
970 152  20 27
753 194  19 23
284 564  13 26
116 30  5 5
696 693  25 16
840 176  10 15
65 52  14 28
300 228  29 26
50 117  21 13
612 381  14 19
835 964  18 24
607 123  15 21
222 420  24 17
306 777  27 20
216 381  25 10
571 244  20 12
936 340  21 20
763 283  22 27
318 273  21 13
194 498  24 23
823 183  22 11
163 706  25 13
961 150  22 27
978 978  13 17
908 829  10 19
4 381  12 24
485 61  26 15
193 628  29 14
945 807  26 14
27 328  28 12
557 459  10 19
509 899  29 20
913 162  10 12
860 97  22 14
178 574  18 26
756 327  25 24
373 675  18 25
405 317  13 15
881 506  16 17
925 721  10 21
756 261  15 24
839 851  23 13
77 441  28 29
883 897  17 3
840 628  25 22
933 205  26 29
503 580  25 26
176 793  26 10
722 302  18 20
678 588  23 15
819 853  23 25
94 542  24 27
294 95  19 23
57 291  19 15
614 851  21 11
105 185  18 16
856 315  12 24
928 593  25 12
582 443  15 11
293 828  15 22
520 539  22 12
158 253  12 28
138 12  27 11
972 508  22 29
394 24  10 12
823 528  25 17
749 670  10 11
377 472  12 13
398 275  18 27
79 330  29 27
795 370  18 16
8 90  20 18
453 727  16 28
60 444  20 28
353 959  22 19
56 820  13 24
376 582  16 18
882 645  21 17
9 345  11 22
483 965  10 17
896 509  10 25
396 409  12 29
8 735  26 12
979 318  13 22
529 976  14 17
816 916  24 19
21 95  28 29
906 619  24 19
95 790  20 15
925 633  14 22
579 261  27 23
264 82  13 18
802 959  18 10
358 667  29 26
294 86  9 10
520 199  10 23
754 836  29 25
33 22  28 25
509 837  23 12
461 444  13 23
89 349  10 21
586 294  20 29
453 588  17 12
965 655  21 23
460 241  21 17
463 841  20 18
78 298  10 22
455 808  23 26
854 653  27 15
904 828  18 14
445 716  29 21
840 169  10 23
409 178  11 21
853 5  22 18
527 520  11 28
191 304  26 19
878 651  18 25
937 471  24 12
716 664  16 14
201 367  28 18
21 66  26 10
133 211  14 19
505 677  23 26
726 594  17 21
421 338  14 18
619 423  17 10
751 509  24 15
349 7  15 10
502 105  27 11
861 104  28 10
963 544  19 12
111 969  14 26
795 808  12 19
40 337  28 27
219 482  18 29
756 502  16 28
805 648  24 19
102 83  27 28
656 900  12 18
453 246  26 15
74 772  21 13
974 44  13 13
563 449  15 24
891 645  21 21
470 745  14 28
40 771  27 19
648 244  11 13
58 467  18 18
841 652  21 17
47 131  24 23
706 316  22 22
817 899  20 14
329 383  19 29
542 815  20 14
959 272  27 27
902 454  18 26
68 11  14 15
159 288  17 10
460 594  13 11
159 15  19 24
811 911  17 18
570 607  10 24
525 787  10 19
567 652  20 15
915 766  14 25
869 664  14 24
829 873  28 11
425 452  18 10
395 259  22 10
759 670  29 19
148 897  20 20
279 854  23 26
360 801  14 6
483 325  11 25
728 25  16 22
176 779  14 15
881 762  25 29
844 628  10 27
931 28  13 3
921 166  10 22
651 59  29 22
221 806  16 23
935 648  16 25
564 164  14 28
140 491  27 25
741 111  25 26
29 186  12 24
424 896  24 28
181 334  11 29
826 574  16 25
496 97  20 14
85 559  10 20
667 590  19 26
766 363  17 27
943 13  25 16
320 220  14 29
397 784  20 17
873 810  26 20
881 363  8 4
523 613  12 29
885 623  13 26
127 179  19 14
137 914  15 16
168 919  12 23
713 785  16 13
193 847  17 25
498 928  28 12
705 334  23 12
43 646  24 22
266 86  26 19
45 230  13 21
138 21  11 18
411 941  11 11
918 369  27 22
40 812  28 23
486 278  16 18
317 361  11 15
316 529  22 12
744 345  19 27
635 30  21 14
289 649  28 19
158 309  26 29
177 39  15 29
601 389  25 23
470 260  19 16
880 451  3 6
47 63  19 16
515 625  18 29
394 213  16 12
950 545  22 19
437 257  25 26
551 843  10 20
299 862  25 24
326 92  13 19
916 342  16 16
172 29  29 26
540 252  23 15
647 473  22 11
123 977  28 13
563 790  11 17
11 496  17 10
686 319  22 15
749 44  29 14
313 244  10 25
138 534  12 10
831 29  12 18
765 118  28 19
952 565  17 21
672 461  12 22
631 442  21 10
287 103  14 10
154 678  15 3
65 939  24 13
490 592  23 19
64 40  15 13
226 140  18 19
775 806  11 21
591 752  10 16
144 965  13 21
915 272  26 23
134 207  27 16
190 840  21 22
565 638  22 27
853 459  13 27
595 425  11 11
634 671  25 10
710 22  14 14
244 497  25 11
693 450  25 25
788 699  13 23
935 636  13 16
778 641  23 28
132 227  12 18
427 33  14 20
306 93  20 4
912 951  17 27
271 397  24 18
891 872  18 29
748 312  18 24
68 104  20 28
331 314  18 17
900 641  24 17
705 37  17 14
771 227  16 18
903 171  25 11
424 134  11 20
658 785  26 22
480 124  11 19
16 960  18 16
807 959  26 13
382 646  27 29
369 470  22 24
757 836  11 29
102 805  20 28
290 194  11 29
784 149  28 27
625 246  14 11
860 512  22 26
913 790  11 17
101 544  19 14
609 795  19 10
353 214  19 10
107 263  20 10
935 383  12 28
488 53  13 14
134 642  28 12
140 480  28 16
208 576  19 14
588 879  27 26
388 297  15 16
886 28  22 28
753 669  11 21
390 549  14 29
977 373  17 25
484 959  19 25
675 627  24 13
291 721  16 24
648 900  25 18
877 222  14 10
192 359  20 16
800 274  12 12
580 370  13 11
623 102  21 19
515 978  29 10
793 212  22 24
927 507  21 16
340 197  18 26
29 357  22 14
137 848  25 10
475 140  23 27
203 373  22 24
237 586  15 16
712 721  11 18
313 736  13 23
561 167  10 28
194 39  13 20
756 932  23 20
130 926  27 20
115 855  13 18
546 794  18 26
662 461  11 19
188 295  13 26
204 420  3 12
899 558  25 15
226 823  18 27
708 13  26 24
695 636  12 25
314 329  29 16
777 888  23 16
248 88  20 26
753 428  7 5
742 416  22 29
832 53  4 3
963 828  26 22
63 409  10 24
97 8  25 20
510 296  29 16
357 322  12 21
332 669  18 22
274 570  20 10
690 174  20 25
667 301  19 10
922 473  12 28
109 295  23 11
705 134  19 21
971 314  16 28
484 526  12 13
349 540  16 20
801 537  3 4
845 458  12 16
639 598  17 13
729 296  28 28
16 354  19 28
477 950  26 11
859 12  13 23
373 955  28 24
897 855  15 26
420 136  21 19
43 395  29 22
567 268  24 13
93 707  23 21
224 42  20 25
312 255  22 17
363 777  17 23
545 536  13 27
912 172  25 21
9 47  11 15
791 217  18 10
565 230  22 11
29 978  28 14
391 692  18 22
413 31  18 15
186 724  19 15
642 803  18 22
766 942  29 20
377 414  25 11
404 329  15 21
64 393  16 27
578 733  21 25
466 467  14 16
495 523  13 16
776 623  21 17
349 334  19 13
407 579  27 23
759 728  10 18
653 791  15 12
162 408  21 21
386 551  29 10
354 365  10 15
906 545  27 19
865 440  17 27
964 151  10 12
360 653  11 13
539 702  15 26
883 30  13 26
592 875  20 25
522 935  28 10
383 562  28 23
886 634  15 29
851 52  17 15
835 953  17 13
44 343  6 3
85 327  13 15
333 27  15 24
107 608  16 18
695 587  18 16
435 778  25 13
562 221  12 16
